  -7.0540000e+01  -3.3450000e+01   1.9750000e+01   5.9200000e+00   1.6600000e+00   1.1000000e+00
  -7.1530000e+01  -3.7340000e+01   1.4340000e+01   1.7300000e+00   2.0100000e+00   1.7600000e+00
  -7.0770000e+01  -3.4170000e+01   2.1510000e+01   6.9600000e+00   1.5400000e+00   1.1900000e+00
  -7.1490000e+01  -3.0260000e+01   1.8720000e+01   8.5000000e+00   1.9300000e+00   1.3800000e+00
  -6.5770000e+01  -2.8470000e+01   4.4900000e+00   4.3000000e-01   1.8400000e+00   1.5000000e+00
  -6.8230000e+01  -3.1600000e+01   7.8700000e+00   1.8400000e+00   1.7800000e+00   1.3000000e+00
  -7.1000000e+01  -3.1190000e+01   2.1140000e+01   7.5900000e+00   1.7200000e+00   1.3000000e+00
  -7.0690000e+01  -2.9030000e+01   2.1390000e+01   5.8500000e+00   2.0500000e+00   1.3900000e+00
  -7.1460000e+01  -3.1400000e+01   2.3380000e+01   8.9700000e+00   1.7700000e+00   1.3100000e+00
  -7.2410000e+01  -3.5330000e+01   3.5610000e+01   1.0310000e+01   1.9100000e+00   1.4900000e+00
  -7.3030000e+01  -3.6840000e+01   3.3630000e+01   1.0530000e+01   1.7400000e+00   1.2800000e+00
  -7.3030000e+01  -3.6840000e+01   3.4300000e+01   1.0970000e+01   1.7900000e+00   1.2800000e+00
  -7.1410000e+01  -2.9100000e+01   2.2810000e+01   9.5300000e+00   1.5600000e+00   1.2000000e+00
  -6.9300000e+01  -3.1790000e+01   1.4430000e+01   4.0000000e+00   2.1200000e+00   1.3100000e+00
  -7.3790000e+01  -4.2480000e+01   1.0050000e+01   7.2800000e+00   1.9400000e+00   1.3800000e+00
  -7.0660000e+01  -3.3460000e+01   2.0580000e+01   7.4000000e+00   2.2300000e+00   1.9100000e+00
  -7.1660000e+01  -3.1150000e+01   2.8140000e+01   1.0340000e+01   1.7400000e+00   1.3300000e+00
  -7.1320000e+01  -4.2920000e+01  -1.0750000e+01   2.6900000e+00   2.2700000e+00   1.8100000e+00
  -7.4830000e+01  -4.3570000e+01   4.6980000e+01   1.2670000e+01   2.0300000e+00   1.4500000e+00
  -7.0090000e+01  -2.9980000e+01   1.7320000e+01   6.3500000e+00   2.3200000e+00   1.9900000e+00
  -7.2170000e+01  -4.4100000e+01  -6.5000000e-01   6.0000000e-01   2.2400000e+00   1.5100000e+00
  -7.1380000e+01  -3.7390000e+01   1.4180000e+01   1.5200000e+00   2.2200000e+00   1.9700000e+00
  -6.5600000e+01  -3.8000000e+01   3.5000000e-01  -9.0000000e-02   2.0100000e+00   1.4300000e+00
  -7.1790000e+01  -3.9330000e+01   9.8000000e-01  -8.7000000e-01   2.0100000e+00   1.7600000e+00
  -7.0580000e+01  -3.2840000e+01   2.0440000e+01   7.2100000e+00   1.7200000e+00   1.3300000e+00
  -7.1360000e+01  -3.8460000e+01   4.5100000e+00  -2.3700000e+00   2.5400000e+00   1.7200000e+00
  -7.1250000e+01  -2.9910000e+01   1.8500000e+01   8.1300000e+00   1.8600000e+00   1.3400000e+00
  -7.1510000e+01  -3.1910000e+01   2.0420000e+01   7.1900000e+00   2.5400000e+00   1.4300000e+00
  -7.0820000e+01  -3.5810000e+01   1.7160000e+01   5.6800000e+00   2.0400000e+00   1.6700000e+00
  -7.2780000e+01  -4.3980000e+01   6.9000000e-01   7.9500000e+00   2.4500000e+00   2.1300000e+00
  -7.3220000e+01  -3.9430000e+01   1.4750000e+01   9.8600000e+00   1.7900000e+00   1.3100000e+00
  -7.3900000e+01  -3.8410000e+01   3.2580000e+01   9.4300000e+00   1.6900000e+00   2.0300000e+00
  -7.2440000e+01  -4.2030000e+01  -2.1700000e+00  -6.3000000e-01   1.9500000e+00   1.3500000e+00
  -6.8880000e+01  -3.2900000e+01   9.1100000e+00   3.0000000e+00   1.8900000e+00   1.4000000e+00
  -6.8150000e+01  -3.3260000e+01   4.7000000e+00  -8.9000000e-01   1.8400000e+00   1.4300000e+00
  -6.8330000e+01  -3.4620000e+01   4.5000000e+00   3.5000000e-01   1.8200000e+00   1.3000000e+00
  -7.3400000e+01  -3.9870000e+01   1.7350000e+01   9.9100000e+00   1.9900000e+00   1.4500000e+00
  -7.1200000e+01  -3.0600000e+01   2.1440000e+01   9.5200000e+00   2.1200000e+00   1.6300000e+00
  -7.2650000e+01  -4.1740000e+01   7.8000000e-01   2.7800000e+00   1.4700000e+00   1.5700000e+00
  -7.0690000e+01  -3.0840000e+01   1.9550000e+01   8.6100000e+00   2.0400000e+00   1.3700000e+00
  -7.1640000e+01  -3.0680000e+01   2.2580000e+01   9.1200000e+00   1.9500000e+00   1.3200000e+00
  -7.2940000e+01  -4.1470000e+01   2.7500000e+00   6.9700000e+00   1.6300000e+00   1.5000000e+00
  -7.0130000e+01  -3.2840000e+01   1.8290000e+01   6.0800000e+00   2.3600000e+00   1.6400000e+00
  -7.2600000e+01  -4.4450000e+01   3.0000000e-02   1.7800000e+00   2.1000000e+00   1.8000000e+00
  -7.1610000e+01  -3.3650000e+01   2.6000000e+01   1.1760000e+01   1.6000000e+00   1.3100000e+00
  -7.1020000e+01  -3.2980000e+01   2.2150000e+01   9.7900000e+00   1.6200000e+00   1.2600000e+00
  -7.0670000e+01  -3.3150000e+01   2.0940000e+01   7.3000000e+00   1.9100000e+00   1.4400000e+00
  -7.0740000e+01  -2.9250000e+01   2.0600000e+01   6.4600000e+00   1.7200000e+00   1.2200000e+00
  -7.1730000e+01  -3.5590000e+01   3.0230000e+01   6.9900000e+00   2.5900000e+00   1.7300000e+00
  -7.0960000e+01  -3.1780000e+01   2.1070000e+01   5.6800000e+00   2.1200000e+00   2.6200000e+00
  -6.4280000e+01  -3.6620000e+01   9.5000000e-01   2.0000000e-02   1.9500000e+00   1.7400000e+00
  -6.4260000e+01  -2.7790000e+01   3.1400000e+00   1.3700000e+00   1.8400000e+00   1.5100000e+00
  -7.0810000e+01  -3.0170000e+01   1.7590000e+01   8.2900000e+00   1.9800000e+00   1.4500000e+00
  -7.0410000e+01  -2.3680000e+01   3.1910000e+01   8.0200000e+00   1.7200000e+00   1.1100000e+00
  -6.4190000e+01  -3.1430000e+01   2.2500000e+00   7.2000000e-01   1.9800000e+00   1.3600000e+00
  -7.2340000e+01  -3.7470000e+01   2.3210000e+01   3.6900000e+00   1.4500000e+00   1.5200000e+00
  -6.0630000e+01  -3.2960000e+01   1.4300000e+00   1.4000000e-01   2.1400000e+00   1.6000000e+00
  -6.8580000e+01  -3.1540000e+01   9.3900000e+00   2.7100000e+00   1.7500000e+00   1.3900000e+00
  -7.0760000e+01  -2.8570000e+01   2.4280000e+01   6.6600000e+00   1.6700000e+00   1.2600000e+00
  -7.1640000e+01  -3.3030000e+01   2.6010000e+01   1.3120000e+01   2.2300000e+00   1.7000000e+00
  -7.1630000e+01  -3.3030000e+01   2.6740000e+01   1.3810000e+01   1.5000000e+00   1.1800000e+00
  -6.2270000e+01  -3.8700000e+01   3.2000000e-01   2.6000000e-01   2.3500000e+00   1.7900000e+00
  -7.0250000e+01  -3.3350000e+01   1.6970000e+01   5.2100000e+00   1.9400000e+00   1.5400000e+00
  -7.0180000e+01  -2.0550000e+01   2.5580000e+01   8.0500000e+00   1.8100000e+00   1.2100000e+00
  -7.0140000e+01  -1.9300000e+01   2.3380000e+01   6.3100000e+00   1.9700000e+00   1.2900000e+00
  -7.0070000e+01  -2.0180000e+01   2.4970000e+01   5.9800000e+00   1.7900000e+00   1.0700000e+00
  -6.9190000e+01  -1.9670000e+01   2.0250000e+01   6.8100000e+00   1.9300000e+00   1.2800000e+00
  -6.8640000e+01  -1.9280000e+01   1.8160000e+01   6.9700000e+00   2.0300000e+00   1.7100000e+00
  -6.7800000e+01  -2.2170000e+01   1.6180000e+01   5.6700000e+00   2.2900000e+00   1.4500000e+00
  -7.0080000e+01  -2.0920000e+01   2.8240000e+01   8.5500000e+00   1.8800000e+00   1.2100000e+00
  -6.9890000e+01  -2.0280000e+01   2.3990000e+01   6.6200000e+00   2.3800000e+00   1.3700000e+00
  -7.0330000e+01  -1.8480000e+01   2.0270000e+01   5.6200000e+00   1.0300000e+00   7.3000000e-01
  -7.0130000e+01  -2.0270000e+01   2.4940000e+01   6.2100000e+00   1.9500000e+00   1.3400000e+00
  -7.0570000e+01  -1.8130000e+01   1.7500000e+01   3.1400000e+00   1.7700000e+00   1.2200000e+00
  -6.9830000e+01  -2.1710000e+01   2.8510000e+01   7.3500000e+00   1.9300000e+00   1.2000000e+00
  -6.9600000e+01  -1.9130000e+01   1.8920000e+01   7.2100000e+00   2.2400000e+00   1.4400000e+00
  -6.9490000e+01  -2.1040000e+01   2.5320000e+01   5.8800000e+00   1.5000000e+00   1.0300000e+00
  -6.9890000e+01  -2.1320000e+01   2.9270000e+01   8.5700000e+00   1.4000000e+00   1.0200000e+00
  -6.9750000e+01  -2.2050000e+01   2.8560000e+01   7.5400000e+00   1.5800000e+00   1.1400000e+00
  -7.0150000e+01  -2.2340000e+01   2.8700000e+01   9.0400000e+00   1.7800000e+00   1.3700000e+00
  -7.0200000e+01  -2.2850000e+01   2.6820000e+01   9.2100000e+00   1.8600000e+00   1.0700000e+00
  -6.9570000e+01  -2.2710000e+01   2.4600000e+01   5.5900000e+00   1.3600000e+00   9.9000000e-01
  -6.9890000e+01  -2.1730000e+01   2.9410000e+01   8.0600000e+00   1.3400000e+00   1.1200000e+00
  -6.9160000e+01  -2.0140000e+01   2.1490000e+01   6.3700000e+00   1.6600000e+00   1.1200000e+00
  -7.0110000e+01  -1.8460000e+01   1.6960000e+01   5.6100000e+00   2.0400000e+00   1.4000000e+00
  -6.9430000e+01  -1.9870000e+01   2.1640000e+01   6.5400000e+00   2.3800000e+00   1.6500000e+00
  -6.9330000e+01  -2.0490000e+01   2.3230000e+01   5.6000000e+00   1.7100000e+00   1.1300000e+00
  -7.0120000e+01  -1.9600000e+01   2.4690000e+01   6.2300000e+00   2.0300000e+00   1.3500000e+00
  -6.9570000e+01  -1.8190000e+01   1.2100000e+01   7.0800000e+00   1.9800000e+00   1.6600000e+00
  -7.0140000e+01  -2.0240000e+01   2.4740000e+01   6.1500000e+00   2.2400000e+00   1.2700000e+00
  -7.0300000e+01  -1.8490000e+01   1.8230000e+01   5.1200000e+00   2.3200000e+00   1.4000000e+00
  -6.7210000e+01  -2.2240000e+01   1.4470000e+01   5.0400000e+00   1.6700000e+00   1.1800000e+00
  -6.8450000e+01  -2.2750000e+01   1.7080000e+01   5.4400000e+00   1.6800000e+00   1.0900000e+00
  -6.9760000e+01  -2.2190000e+01   2.8310000e+01   6.5300000e+00   1.7500000e+00   1.2900000e+00
  -6.7760000e+01  -2.3030000e+01   1.6480000e+01   6.6200000e+00   2.2900000e+00   1.3500000e+00
  -6.9360000e+01  -2.0950000e+01   2.4410000e+01   5.4900000e+00   1.7400000e+00   1.0100000e+00
  -7.0100000e+01  -2.1960000e+01   2.8850000e+01   8.8800000e+00   1.7800000e+00   1.0700000e+00
  -7.0570000e+01  -2.3290000e+01   3.2450000e+01   1.0950000e+01   1.8600000e+00   1.2200000e+00
  -7.0250000e+01  -2.2750000e+01   2.8390000e+01   8.9900000e+00   1.5100000e+00   9.7000000e-01
  -7.0450000e+01  -2.3100000e+01   3.0530000e+01   1.0260000e+01   1.8300000e+00   1.3200000e+00
  -6.8930000e+01  -2.2080000e+01   2.0450000e+01   4.6700000e+00   1.7500000e+00   1.1800000e+00
  -6.9350000e+01  -2.2870000e+01   2.2820000e+01   5.6200000e+00   1.8200000e+00   1.0500000e+00
  -6.9960000e+01  -2.3120000e+01   2.6940000e+01   7.6700000e+00   1.7100000e+00   1.0300000e+00
  -7.0410000e+01  -2.3670000e+01   3.2830000e+01   9.6000000e+00   1.1000000e+00   1.0900000e+00
  -6.9590000e+01  -2.5160000e+01   3.2040000e+01   3.0400000e+00   8.5000000e-01   7.8000000e-01
  -7.0340000e+01  -2.7390000e+01   2.1560000e+01   7.6100000e+00   2.4500000e+00   2.0600000e+00
  -7.0390000e+01  -2.4170000e+01   3.3800000e+01   8.5400000e+00   1.0600000e+00   7.8000000e-01
  -6.5760000e+01  -2.4690000e+01   9.4300000e+00   1.8000000e+00   1.6200000e+00   2.2200000e+00
  -6.5620000e+01  -2.7580000e+01   5.1600000e+00  -1.2200000e+00   2.8800000e+00   3.2300000e+00
  -6.8600000e+01  -2.5330000e+01   1.9410000e+01   5.5600000e+00   1.0900000e+00   1.4100000e+00
  -6.3970000e+01  -2.3820000e+01   3.1200000e+00  -1.6000000e-01   1.6400000e+00   1.4500000e+00
  -6.9130000e+01  -2.6840000e+01   2.0460000e+01   2.1100000e+00   1.3000000e+00   9.1000000e-01
  -7.0600000e+01  -2.6150000e+01   3.3480000e+01   8.5800000e+00   9.8000000e-01   1.0900000e+00
  -7.0380000e+01  -2.4600000e+01   3.2710000e+01   8.8200000e+00   8.3000000e-01   8.0000000e-01
  -6.6320000e+01  -2.4210000e+01   1.2330000e+01   3.3900000e+00   1.3200000e+00   1.2400000e+00
  -6.8290000e+01  -2.4450000e+01   1.9840000e+01   6.1300000e+00   1.2900000e+00   1.2700000e+00
  -6.5950000e+01  -2.4450000e+01   1.0390000e+01   2.3400000e+00   1.6000000e+00   1.4800000e+00
  -7.0230000e+01  -2.7590000e+01   2.3580000e+01   7.0000000e+00   1.1300000e+00   1.0000000e+00
  -6.5710000e+01  -2.6850000e+01   7.0300000e+00  -3.7000000e-01   1.6600000e+00   1.3800000e+00
  -6.5390000e+01  -2.3580000e+01   9.4400000e+00   3.3700000e+00   1.6100000e+00   1.1600000e+00
  -6.5280000e+01  -2.6230000e+01   7.2500000e+00   2.1000000e-01   1.1800000e+00   1.0700000e+00
  -7.0430000e+01  -2.5420000e+01   3.1800000e+01   9.4500000e+00   7.3000000e-01   6.8000000e-01
  -6.5230000e+01  -2.6840000e+01   2.9700000e+00  -1.6600000e+00   2.4100000e+00   2.8200000e+00
  -6.9755400e+01  -2.0134600e+01   2.4230000e+01   5.5100000e+00   1.2000000e+00   1.9000000e+00
  -6.7072900e+01  -2.3225400e+01   1.3360000e+01   4.4200000e+00   3.6000000e+00   3.8000000e+00
  -6.8929700e+01  -2.2456300e+01   2.3610000e+01   4.5300000e+00   1.4000000e+00   2.1000000e+00
  -6.9557700e+01  -2.1692200e+01   3.1060000e+01   8.4100000e+00   1.2000000e+00   1.8000000e+00
  -6.7950300e+01  -2.3285000e+01   1.7990000e+01   4.2200000e+00   3.1000000e+00   2.4000000e+00
  -6.7114400e+01  -1.7952800e+01   1.1660000e+01   4.1400000e+00   7.0000000e-01   1.0000000e+00
  -7.0440800e+01  -2.3453300e+01   3.2500000e+01   1.0410000e+01   3.3000000e+00   3.5000000e+00
  -7.0401000e+01  -2.3544100e+01   3.0590000e+01   9.7900000e+00   4.0000000e+00   2.6000000e+00
  -7.0508400e+01  -2.3111900e+01   2.9590000e+01   9.9500000e+00   3.4000000e+00   3.1000000e+00
  -6.9780600e+01  -2.3341800e+01   2.7020000e+01   8.8800000e+00   3.1000000e+00   3.3000000e+00
  -7.0471900e+01  -2.3765900e+01   3.3910000e+01   8.3900000e+00   3.3000000e+00   3.3000000e+00
  -7.0532400e+01  -2.4264200e+01   3.2770000e+01   9.4700000e+00   2.6000000e+00   1.6000000e+00
  -7.0270900e+01  -1.9206200e+01   2.1910000e+01   4.5100000e+00   3.1000000e+00   3.5000000e+00
  -6.8632300e+01  -2.3550500e+01   1.4190000e+01   6.0600000e+00   3.0000000e+00   2.9000000e+00
  -6.8545600e+01  -2.3176900e+01   1.4960000e+01   6.4500000e+00   2.7000000e+00   3.0000000e+00
  -6.8818800e+01  -1.9964600e+01   1.1690000e+01   4.7600000e+00   3.9000000e+00   3.6000000e+00
  -6.9889500e+01  -1.9908100e+01   2.5100000e+01   3.1400000e+00   2.9000000e+00   1.7000000e+00
  -6.7854600e+01  -2.2928200e+01   1.5450000e+01   6.5500000e+00   3.3000000e+00   3.7000000e+00
  -6.9560200e+01  -2.2397600e+01   2.5820000e+01   6.2900000e+00   3.1000000e+00   2.8000000e+00
  -6.8898000e+01  -2.4226000e+01   1.6900000e+01   3.1100000e+00   2.8000000e+00   4.3000000e+00
  -7.0404800e+01  -2.3251300e+01   2.9670000e+01   1.0360000e+01   2.5000000e+00   1.2000000e+00
  -6.9151900e+01  -2.0944400e+01   2.8500000e+01   4.8700000e+00   3.6000000e+00   3.7000000e+00
  -6.7282300e+01  -2.3698300e+01   1.3020000e+01   5.8500000e+00   3.0000000e+00   3.2000000e+00
  -6.9939600e+01  -2.3403200e+01   2.7350000e+01   8.2900000e+00   3.6000000e+00   3.3000000e+00
  -6.9160500e+01  -1.8275100e+01   1.1290000e+01   2.8000000e+00   3.4000000e+00   5.0000000e+00
  -6.7998800e+01  -2.2259300e+01   1.4900000e+01   5.6800000e+00   3.0000000e+00   3.1000000e+00
  -7.0252700e+01  -2.3964300e+01   3.0010000e+01   8.5900000e+00   2.6000000e+00   7.0000000e-01
  -6.9416400e+01  -2.3447800e+01   1.6630000e+01   7.8200000e+00   4.0000000e+00   3.3000000e+00
  -7.0027900e+01  -2.3448400e+01   2.7510000e+01   6.4700000e+00   3.2000000e+00   1.1000000e+00
  -7.0415700e+01  -2.3200100e+01   2.9060000e+01   1.0730000e+01   1.8000000e+00   2.7000000e+00
  -7.0525400e+01  -2.3450000e+01   3.3630000e+01   1.0610000e+01   2.6000000e+00   1.6000000e+00
  -6.9605800e+01  -2.4104800e+01   2.4760000e+01   5.4400000e+00   2.8000000e+00   3.5000000e+00
  -6.9715600e+01  -2.1017900e+01   2.6280000e+01   9.4400000e+00   3.4000000e+00   3.6000000e+00
  -7.0182800e+01  -1.8391200e+01   1.2080000e+01   7.7000000e+00   3.9000000e+00   4.1000000e+00
  -6.9041400e+01  -2.3538300e+01   1.7190000e+01   8.8100000e+00   3.2000000e+00   4.1000000e+00
  -7.0190100e+01  -2.0767700e+01   3.2400000e+01   6.3000000e+00   3.0000000e+00   4.0000000e+00
  -6.8425000e+01  -2.2711000e+01   1.8210000e+01   4.9800000e+00   3.2000000e+00   4.1000000e+00
  -7.0276400e+01  -2.2602200e+01   2.9810000e+01   9.7300000e+00   2.6000000e+00   3.7000000e+00
  -6.8047100e+01  -2.3690300e+01   1.4780000e+01   8.1600000e+00   2.9000000e+00   2.7000000e+00
  -6.8345900e+01  -2.3640000e+01   1.4220000e+01   3.2100000e+00   3.5000000e+00   4.5000000e+00
  -6.9223000e+01  -2.0503100e+01   2.1150000e+01   5.8800000e+00   3.5000000e+00   3.7000000e+00
  -7.0117600e+01  -2.1146000e+01   3.0610000e+01   6.5300000e+00   4.1000000e+00   1.9000000e+00
  -6.8378100e+01  -2.1026400e+01   2.2460000e+01   5.6000000e+00   3.5000000e+00   4.2000000e+00
  -6.7501800e+01  -2.3072400e+01   1.3240000e+01   5.1100000e+00   3.3000000e+00   3.4000000e+00
  -7.0055700e+01  -2.1433800e+01   3.0200000e+01   6.3300000e+00   3.3000000e+00   3.6000000e+00
  -6.7603000e+01  -2.3541900e+01   1.4110000e+01   7.1400000e+00   3.8000000e+00   3.3000000e+00
  -6.9297000e+01  -2.2925900e+01   2.6730000e+01   8.1400000e+00   2.9000000e+00   3.9000000e+00
  -6.9154200e+01  -1.8857600e+01   1.0790000e+01   6.1900000e+00   2.4000000e+00   2.5000000e+00
  -7.0193600e+01  -2.2033800e+01   2.6020000e+01   1.0530000e+01   3.3000000e+00   4.3000000e+00
  -7.0279800e+01  -2.3504600e+01   2.8880000e+01   9.6100000e+00   3.7000000e+00   2.6000000e+00
  -6.9866000e+01  -2.4011000e+01   2.8300000e+01   6.8300000e+00   3.5000000e+00   2.7000000e+00
  -6.9620300e+01  -1.8356600e+01   1.2480000e+01   4.8700000e+00   3.5000000e+00   3.9000000e+00
  -6.4167300e+01  -1.9523300e+01   8.1200000e+00   1.0200000e+00   7.7000000e-01   1.7000000e-01
  -6.4454900e+01  -1.9181900e+01   1.0140000e+01   1.8600000e+00   6.5000000e-01   7.1000000e-01
  -6.4207200e+01  -1.9421100e+01   8.4600000e+00   1.1800000e+00   4.1000000e-01   2.6000000e-01
  -6.3657700e+01  -1.9742400e+01   4.0800000e+00   2.7000000e-01   3.3000000e-01   6.9000000e-01
  -6.4167300e+01  -1.9523200e+01   7.8500000e+00   5.9000000e-01   1.7000000e-01   2.8000000e-01
  -6.3194700e+01  -1.9790700e+01   1.3800000e+00   6.5000000e-01   4.0000000e-02   3.0000000e-02
  -6.4299900e+01  -1.9304400e+01   9.5700000e+00   1.3700000e+00   8.0000000e-02   1.1000000e-01
  -6.3783800e+01  -2.1416700e+01   4.4400000e+00   2.2000000e-01   8.0000000e-02   6.0000000e-02
  -6.2629700e+01  -2.1562000e+01  -1.0600000e+00   0.0010000e+00   7.0000000e-02   5.0000000e-02
  -6.2561100e+01  -1.9505300e+01   4.8000000e-01   1.7300000e+00   1.0000000e-01   7.0000000e-02
  -6.4914900e+01  -1.9188600e+01   1.1130000e+01   2.3400000e+00   9.0000000e-02   5.0000000e-02
  -6.3224200e+01  -1.9790200e+01   2.3400000e+00   7.0000000e-02   1.7000000e-01   1.5000000e-01
  -6.3533400e+01  -2.0010200e+01   1.6500000e+00   2.1000000e-01   9.0000000e-02   3.0000000e-02
  -6.2380800e+01  -1.9439100e+01   9.3000000e-01   1.9300000e+00   1.7000000e-01   1.2000000e-01
  -6.5047900e+01  -2.1630400e+01   8.6800000e+00   3.0300000e+00   4.3000000e-01   1.9000000e-01
  -6.3869400e+01  -1.9736400e+01   5.5200000e+00   3.2000000e-01   2.2000000e-01   1.1000000e-01
  -6.3542500e+01  -2.0071200e+01   2.0600000e+00   1.9000000e-01   1.0000000e-01   7.0000000e-02
  -6.6640500e+01  -2.1303500e+01   1.4370000e+01   3.3300000e+00   1.3000000e-01   6.3000000e-01
  -6.7121100e+01  -2.1365700e+01   1.5820000e+01   3.5800000e+00   6.3000000e-01   2.3000000e-01
  -6.4349800e+01  -1.9296800e+01   1.0370000e+01   1.8700000e+00   1.1000000e-01   9.0000000e-02
  -6.4228000e+01  -2.1467800e+01   3.7800000e+00   1.4500000e+00   3.0000000e-01   1.6000000e-01
  -6.4175400e+01  -2.1506500e+01   5.0100000e+00   1.2000000e+00   3.5000000e-01   2.2000000e-01
  -6.2994500e+01  -2.1542700e+01  -6.6000000e-01   1.1000000e-01   4.0000000e-02   3.0000000e-02
  -6.5753800e+01  -1.9582000e+01   1.2440000e+01   3.0800000e+00   3.3000000e-01   2.6000000e-01
  -6.3900800e+01  -2.1395300e+01   5.6000000e+00   1.9000000e-01   1.8000000e-01   1.7000000e-01
  -6.2887700e+01  -2.1570200e+01  -3.3000000e-01   3.5000000e-01   2.0000000e-01   1.9000000e-01
  -6.2758400e+01  -2.1640900e+01  -5.2000000e-01   4.7000000e-01   1.4000000e-01   2.4000000e-01
  -6.3121000e+01  -2.1445600e+01  -2.9000000e-01   3.1000000e-01   3.9000000e-01   6.0000000e-02
  -6.3229500e+01  -2.1362000e+01  -1.0000000e-01  -1.0000000e-02   2.0000000e-01   4.6000000e-01
  -6.3752000e+01  -2.1129100e+01   7.0000000e+00  -1.1300000e+00   1.2000000e-01   1.0000000e-01
  -6.3962300e+01  -1.9822300e+01   5.7400000e+00   3.5000000e-01   5.0000000e-02   3.0000000e-02
  -6.4228300e+01  -2.1467600e+01   5.4300000e+00   1.1900000e+00   8.1000000e-01   2.8000000e-01
  -6.5382000e+01  -2.1614900e+01   9.8300000e+00   3.1200000e+00   1.0700000e+00   5.6000000e-01
  -6.2629400e+01  -2.1561900e+01  -6.0000000e-01   5.0000000e-02   1.1000000e+00   2.7000000e-01
  -6.4517900e+01  -2.1495600e+01   8.5600000e+00   2.0000000e+00   2.9000000e-01   3.8000000e-01
  -6.2984900e+01  -1.9618600e+01   1.0500000e+00   9.4000000e-01   3.8000000e-01   5.0000000e-01
  -6.7652000e+01  -2.1247000e+01   1.7540000e+01   3.9000000e+00   3.7000000e-01   1.5000000e-01
  -6.5302600e+01  -1.9006200e+01   1.2270000e+01   3.1900000e+00   3.0000000e-02   2.0000000e-02
  -6.5206000e+01  -1.8992100e+01   1.1560000e+01   1.9900000e+00   5.6000000e-01   2.5000000e-01
  -6.5047900e+01  -2.1630700e+01   8.5200000e+00   3.0800000e+00   2.9000000e-01   1.5000000e-01
  -6.3954500e+01  -2.1324700e+01   6.6300000e+00   8.0000000e-02   1.5000000e-01   2.8000000e-01
  -6.5729900e+01  -2.1448200e+01   1.0760000e+01   3.9500000e+00   6.0000000e-02   6.0000000e-02
  -6.4716500e+01  -2.1549500e+01   6.9000000e+00   2.5400000e+00   3.0000000e-02   2.0000000e-02
  -6.6826000e+01  -2.0465900e+01   1.5300000e+01   3.6600000e+00   2.0000000e-02   2.0000000e-02
  -6.3483600e+01  -2.1258900e+01   3.8600000e+00   5.2000000e-01   3.0000000e-02   3.0000000e-02
  -6.3395700e+01  -2.1228600e+01  -3.9000000e-01   2.1000000e-01   1.1700000e+00   8.0000000e-01
  -6.3680000e+01  -2.2017100e+01   3.1900000e+00   7.9000000e-01   4.0000000e-02   3.0000000e-02
  -6.4698000e+01  -1.9123400e+01   1.0880000e+01   2.2000000e+00   1.4000000e-01   6.0000000e-02
  -6.9060000e+01  -2.5223000e+01   1.7100000e+01   4.4800000e+00   3.1000000e+00   2.8000000e+00
  -7.0859000e+01  -2.7134000e+01   2.9310000e+01   7.5800000e+00   2.1000000e+00   1.9000000e+00
  -6.4548000e+01  -3.1595000e+01  -7.6000000e-01  -3.4800000e+00   1.9000000e+00   1.9000000e+00
  -7.1411000e+01  -2.8816000e+01   2.4990000e+01   1.0910000e+01   2.1000000e+00   1.9000000e+00
  -6.7005000e+01  -2.7553000e+01   5.9000000e+00  -8.5000000e-01   1.9000000e+00   1.9000000e+00
  -7.0822000e+01  -3.3677000e+01   2.2650000e+01   7.1500000e+00   2.0000000e+00   1.9000000e+00
  -6.6949000e+01  -2.9424000e+01   1.0190000e+01   1.0100000e+00   2.1000000e+00   1.9000000e+00
  -6.8483000e+01  -2.9505000e+01   1.0900000e+01   5.2100000e+00   2.0000000e+00   1.9000000e+00
  -6.9065000e+01  -3.0588000e+01   9.5500000e+00   5.1700000e+00   1.9000000e+00   1.9000000e+00
  -6.8541000e+01  -3.1861000e+01   7.8100000e+00  -9.4000000e-01   1.9000000e+00   1.9000000e+00
  -7.0500000e+01  -2.9852000e+01   2.2370000e+01   1.0890000e+01   2.0000000e+00   1.9000000e+00
  -7.0626000e+01  -3.1892000e+01   2.2690000e+01   8.1900000e+00   2.0000000e+00   1.9000000e+00
  -6.9632000e+01  -2.6245000e+01   1.9450000e+01   7.9100000e+00   2.1000000e+00   1.9000000e+00
  -7.0287000e+01  -2.8865000e+01   2.1030000e+01   9.6300000e+00   2.0000000e+00   1.9000000e+00
  -6.5281000e+01  -2.8626000e+01   9.0000000e+00   0.0010000e+00   1.9000000e+00   1.9000000e+00
  -6.5150000e+01  -3.3695000e+01   1.8700000e+00  -5.1000000e-01   1.9000000e+00   1.9000000e+00
  -6.4825000e+01  -2.8136000e+01   3.0800000e+00  -2.1600000e+00   1.9000000e+00   1.9000000e+00
  -6.6852000e+01  -3.2880000e+01   2.3300000e+00  -3.0700000e+00   1.9000000e+00   1.9000000e+00
  -6.4349000e+01  -3.2371000e+01   3.2900000e+00  -2.9300000e+00   1.9000000e+00   1.9000000e+00
  -6.7329000e+01  -3.1455000e+01   2.5100000e+00  -1.8000000e+00   1.9000000e+00   1.9000000e+00
  -7.1883000e+01  -3.3964000e+01   2.4490000e+01   1.0880000e+01   2.0000000e+00   1.9000000e+00
  -6.9826000e+01  -3.0192000e+01   1.7140000e+01  -4.0000000e-02   1.9000000e+00   1.9000000e+00
  -6.5052000e+01  -2.9274000e+01   5.7700000e+00   1.2200000e+00   1.9000000e+00   1.9000000e+00
  -6.7647000e+01  -2.8431000e+01   9.8500000e+00  -9.5000000e-01   1.9000000e+00   1.9000000e+00
  -6.6671000e+01  -3.1164000e+01   3.9100000e+00  -2.0100000e+00   1.9000000e+00   1.9000000e+00
  -6.9297000e+01  -3.2531000e+01   1.0160000e+01   4.0500000e+00   1.9000000e+00   1.9000000e+00
  -7.1470000e+01  -3.2552000e+01   2.3060000e+01   1.2360000e+01   2.0000000e+00   1.9000000e+00
  -6.6213000e+01  -3.0783000e+01   5.7800000e+00   2.2600000e+00   6.8000000e-01   7.7000000e-01
  -6.8426000e+01  -3.0893000e+01   9.7200000e+00   2.3200000e+00   3.4000000e-01   7.3000000e-01
  -6.8950000e+01  -3.0848000e+01   1.1290000e+01   4.3800000e+00   8.3000000e-01   8.5000000e-01
  -6.8688000e+01  -3.0878000e+01   1.1380000e+01   5.9100000e+00   1.0600000e+00   1.0600000e+00
  -6.8546000e+01  -3.0289000e+01   9.9800000e+00   4.8700000e+00   5.7000000e-01   5.1000000e-01
  -6.8403000e+01  -3.0233000e+01   1.0020000e+01   3.9700000e+00   9.5000000e-01   8.7000000e-01
  -6.8195000e+01  -3.0081000e+01   9.0200000e+00   3.3100000e+00   8.5000000e-01   1.1300000e+00
  -6.8782000e+01  -3.0261000e+01   1.1150000e+01   3.6400000e+00   6.0000000e-01   1.8600000e+00
  -6.9006000e+01  -3.0234000e+01   1.3080000e+01   5.4300000e+00   6.5000000e-01   5.5000000e-01
  -6.9071000e+01  -3.0203000e+01   1.4350000e+01   5.6300000e+00   7.5000000e-01   1.0600000e+00
  -6.9076000e+01  -3.0644000e+01   1.2770000e+01   4.5200000e+00   4.2000000e-01   5.5000000e-01
  -6.7591000e+01  -3.0815000e+01   9.4800000e+00   2.9100000e+00   1.0000000e+00   6.1000000e-01
  -6.7972000e+01  -3.0152000e+01   7.2700000e+00   2.8400000e+00   5.7000000e-01   5.2000000e-01
  -6.9156000e+01  -3.3074000e+01   1.0120000e+01   3.9800000e+00   1.5700000e+00   1.5200000e+00
  -6.9073000e+01  -3.3300000e+01   1.1600000e+01   4.9200000e+00   2.0700000e+00   6.5000000e-01
  -6.8721000e+01  -3.3238000e+01   7.1800000e+00   3.7100000e+00   8.8000000e-01   1.4800000e+00
  -6.8739000e+01  -3.3240000e+01   7.9400000e+00   4.8200000e+00   5.5000000e-01   3.8000000e-01
  -6.8786000e+01  -3.3256000e+01   9.5600000e+00   4.1200000e+00   6.6000000e-01   9.2000000e-01
  -7.0862000e+01  -2.7082000e+01   2.7830000e+01   1.0460000e+01   3.5000000e-01   3.5000000e-01
  -6.9416000e+01  -3.1374000e+01   1.7880000e+01   5.8900000e+00   8.0000000e-01   2.8000000e-01
  -7.0150000e+01  -2.8975000e+01   2.3240000e+01   7.1200000e+00   7.4000000e-01   8.9000000e-01
  -6.5528000e+01  -2.9601000e+01   5.1300000e+00   2.6400000e+00   6.4000000e-01   3.3000000e-01
  -6.8419000e+01  -2.9493000e+01   1.0030000e+01   3.1300000e+00   1.1700000e+00   6.0000000e-01
  -6.9558000e+01  -2.7715000e+01   2.1850000e+01   5.9600000e+00   1.0800000e+00   1.6100000e+00
  -7.1222000e+01  -2.8478000e+01   3.0900000e+01   9.2500000e+00   9.8000000e-01   1.1600000e+00
  -6.9913000e+01  -2.6745000e+01   2.4620000e+01   7.0800000e+00   7.4000000e-01   3.4000000e-01
  -6.7927000e+01  -3.1308000e+01   9.1300000e+00   3.0700000e+00   6.8000000e-01   1.0000000e+00
  -6.5477000e+01  -3.3268000e+01   4.4400000e+00   1.5000000e+00   4.1000000e-01   4.4000000e-01
  -6.9750000e+01  -3.0322000e+01   1.7300000e+01   7.2300000e+00   1.1200000e+00   7.3000000e-01
  -6.8165000e+01  -3.1330000e+01   1.1570000e+01   3.2800000e+00   6.6000000e-01   5.4000000e-01
  -6.9458000e+01  -2.6374000e+01   2.2320000e+01   9.4900000e+00   3.8000000e-01   3.9000000e-01
  -6.9794000e+01  -2.8171000e+01   2.1440000e+01   6.6000000e+00   6.5000000e-01   1.4000000e+00
  -6.4427000e+01  -3.1796000e+01   4.3000000e+00   1.6700000e+00   1.0200000e+00   1.2400000e+00
  -7.1213000e+01  -3.2406000e+01   2.4230000e+01   1.0370000e+01   6.2000000e-01   4.2000000e-01
  -7.1238000e+01  -2.9459000e+01   2.2430000e+01   9.3200000e+00   8.3000000e-01   8.7000000e-01
  -7.1096000e+01  -2.7832000e+01   2.8270000e+01   1.0820000e+01   5.9000000e-01   8.2000000e-01
  -6.9349000e+01  -3.2692000e+01   1.2440000e+01   5.0100000e+00   7.6000000e-01   9.1000000e-01
  -7.1107000e+01  -2.8967000e+01   2.6660000e+01   8.0600000e+00   1.2100000e+00   1.2100000e+00
  -7.1054000e+01  -2.9500000e+01   1.8000000e+01   1.0690000e+01   1.3200000e+00   1.3200000e+00
  -6.6597000e+01  -2.7323000e+01   1.8300000e+00   1.7900000e+00   1.9700000e+00   1.9700000e+00
  -7.1070000e+01  -3.0278000e+01   2.0610000e+01   1.0930000e+01   9.0000000e-01   9.1000000e-01
  -7.0955000e+01  -2.9638000e+01   2.0490000e+01   1.0210000e+01   1.2200000e+00   1.2100000e+00
  -7.0879000e+01  -2.7514000e+01   2.4940000e+01   9.9700000e+00   1.4900000e+00   1.4800000e+00
  -7.0859000e+01  -2.7134000e+01   2.9040000e+01   7.9000000e+00   1.4500000e+00   1.4500000e+00
  -7.1411000e+01  -2.8816000e+01   3.0610000e+01   1.1310000e+01   1.2100000e+00   1.2100000e+00
  -7.1176000e+01  -2.8277000e+01   2.8920000e+01   9.9800000e+00   1.9700000e+00   1.9700000e+00
  -7.1207000e+01  -3.0962000e+01   2.3090000e+01   1.0140000e+01   9.1000000e-01   9.1000000e-01
  -7.1028000e+01  -3.0897000e+01   2.2580000e+01   9.9700000e+00   9.1000000e-01   9.1000000e-01
  -7.0500000e+01  -2.9853000e+01   1.8100000e+01   8.0200000e+00   9.1000000e-01   9.1000000e-01
  -7.1123000e+01  -3.1488000e+01   2.2910000e+01   7.3200000e+00   1.2900000e+00   1.2900000e+00
  -7.1289000e+01  -3.1672000e+01   2.3130000e+01   8.3000000e+00   1.2900000e+00   1.2900000e+00
  -7.0150000e+01  -2.8975000e+01   2.0240000e+01   6.6300000e+00   1.4900000e+00   1.4800000e+00
  -7.0823000e+01  -2.7357000e+01   2.7070000e+01   9.4900000e+00   1.4600000e+00   1.4600000e+00
  -7.0683000e+01  -2.7358000e+01   2.5450000e+01   9.5200000e+00   1.4700000e+00   1.4700000e+00
  -7.0016000e+01  -2.7271000e+01   2.1560000e+01   5.6900000e+00   1.4900000e+00   1.4700000e+00
  -7.1143000e+01  -2.8063000e+01   2.3470000e+01   1.0530000e+01   2.0100000e+00   2.0000000e+00
  -7.0014000e+01  -2.6387000e+01   2.6150000e+01   3.5100000e+00   1.5100000e+00   1.5300000e+00
  -7.1185000e+01  -3.0175000e+01   1.9750000e+01   1.0570000e+01   9.0000000e-01   9.1000000e-01
  -7.0286000e+01  -2.8865000e+01   2.0030000e+01   1.0120000e+01   1.4900000e+00   1.4800000e+00
  -7.0445000e+01  -2.8522000e+01   2.2730000e+01   7.6900000e+00   1.5100000e+00   1.5000000e+00
  -7.1222000e+01  -2.8478000e+01   3.3390000e+01   8.3300000e+00   1.5100000e+00   1.5100000e+00
  -7.1065000e+01  -2.9242000e+01   2.0990000e+01   9.0800000e+00   1.2200000e+00   1.2200000e+00
  -6.9727000e+01  -2.7109000e+01   2.1870000e+01   4.0400000e+00   2.0000000e+00   1.9900000e+00
  -7.0800000e+01  -2.6881000e+01   2.8840000e+01   7.6400000e+00   1.4800000e+00   1.4700000e+00
  -6.9458000e+01  -2.6374000e+01   2.6020000e+01   3.4100000e+00   1.4700000e+00   1.4600000e+00
  -7.0351000e+01  -2.9180000e+01   1.8230000e+01   7.4500000e+00   1.2500000e+00   1.2400000e+00
  -7.0940000e+01  -2.7341000e+01   2.7600000e+01   8.3700000e+00   1.4600000e+00   1.4600000e+00
  -7.0342000e+01  -2.6423000e+01   2.8650000e+01   6.6300000e+00   1.4700000e+00   1.4700000e+00
  -7.0913000e+01  -2.9892000e+01   1.9500000e+01   9.1300000e+00   1.2900000e+00   1.2900000e+00
  -7.1394000e+01  -3.1015000e+01   2.3770000e+01   1.0020000e+01   9.0000000e-01   9.1000000e-01
  -7.0706000e+01  -2.6615000e+01   2.8490000e+01   7.0700000e+00   1.4500000e+00   1.4500000e+00
  -7.1238000e+01  -2.9459000e+01   2.1250000e+01   9.9900000e+00   1.2100000e+00   1.2100000e+00
  -7.0988000e+01  -2.7870000e+01   2.2470000e+01   9.6200000e+00   1.4700000e+00   1.4700000e+00
  -7.0885000e+01  -2.7912000e+01   2.4260000e+01   1.0390000e+01   1.4700000e+00   1.4700000e+00
  -7.0613000e+01  -2.7977000e+01   2.2800000e+01   8.7700000e+00   1.4800000e+00   1.4700000e+00
  -7.0340000e+01  -2.7951000e+01   1.9520000e+01   9.2600000e+00   1.4800000e+00   1.4800000e+00
  -6.8871000e+01  -1.9485000e+01   1.5910000e+01   9.7800000e+00   8.2000000e-01   8.3000000e-01
  -6.9794000e+01  -2.0750000e+01   1.9870000e+01   1.0510000e+01   1.6200000e+00   1.5900000e+00
  -6.9792000e+01  -1.9505000e+01   2.0960000e+01   6.9700000e+00   1.5900000e+00   1.5600000e+00
  -6.9670000e+01  -1.9451000e+01   1.9040000e+01   8.0800000e+00   1.6200000e+00   1.5900000e+00
  -6.8330000e+01  -2.2349000e+01   1.5380000e+01   6.1600000e+00   1.1600000e+00   1.1600000e+00
  -7.1962000e+01  -3.5307000e+01   3.2970000e+01   1.0840000e+01   4.8000000e-01   2.1000000e-01
  -7.3272000e+01  -3.7245000e+01   3.4470000e+01   1.8780000e+01   2.3500000e+00   1.0200000e+00
  -7.2205000e+01  -3.6639000e+01   2.6840000e+01   1.0140000e+01   9.9000000e-01   3.5000000e-01
  -7.2812000e+01  -3.6236000e+01   3.3270000e+01   1.4340000e+01   9.5000000e-01   3.1000000e-01
  -7.2626000e+01  -3.5586000e+01   3.5010000e+01   1.5270000e+01   8.1000000e-01   3.0000000e-01
  -7.2606000e+01  -3.5828000e+01   3.4590000e+01   1.4530000e+01   3.5000000e-01   1.5000000e-01
  -7.2639000e+01  -3.5843000e+01   3.5750000e+01   1.4430000e+01   9.6000000e-01   3.3000000e-01
  -7.2744000e+01  -3.5949000e+01   3.5700000e+01   1.4920000e+01   1.1000000e+00   3.7000000e-01
  -7.1347000e+01  -3.5677000e+01   2.7620000e+01   6.9800000e+00   3.2000000e-01   1.4000000e-01
  -7.2086000e+01  -3.5558000e+01   3.3400000e+01   1.1490000e+01   7.5000000e-01   2.9000000e-01
  -7.0399000e+01  -3.5991000e+01   1.0290000e+01   2.3800000e+00   5.8000000e-01   2.9000000e-01
  -7.2697000e+01  -3.7255000e+01   2.5910000e+01   1.1850000e+01   6.8000000e-01   3.1000000e-01
  -7.3569000e+01  -3.7192000e+01   4.2270000e+01   1.6330000e+01   1.6100000e+00   7.2000000e-01
  -7.1955000e+01  -3.7411000e+01   1.8710000e+01   5.2400000e+00   5.0000000e-01   2.4000000e-01
  -7.2437000e+01  -3.6410000e+01   3.4960000e+01   6.8300000e+00   4.6000000e-01   2.0000000e-01
  -7.2942000e+01  -3.7285000e+01   3.0180000e+01   1.2360000e+01   6.8000000e-01   3.1000000e-01
  -7.1957000e+01  -3.5750000e+01   3.1640000e+01   1.1120000e+01   3.5000000e-01   1.6000000e-01
  -7.2125000e+01  -3.6085000e+01   3.0150000e+01   9.5200000e+00   3.1000000e-01   1.4000000e-01
  -7.3436000e+01  -3.7256000e+01   3.6420000e+01   1.5900000e+01   1.7500000e+00   7.7000000e-01
  -7.2295000e+01  -3.6741000e+01   2.6560000e+01   8.3900000e+00   2.8600000e+00   1.4300000e+00
  -7.3190000e+01  -3.6746000e+01   3.3990000e+01   1.0790000e+01   1.3700000e+00   8.9000000e-01
  -7.3749000e+01  -4.3897000e+01   6.7500000e+00   3.1800000e+00   1.8600000e+00   1.9300000e+00
  -7.2931000e+01  -3.7175000e+01   3.2330000e+01   9.3300000e+00   2.1700000e+00   1.3200000e+00
  -7.3342000e+01  -4.1770000e+01   8.6000000e+00   4.3800000e+00   2.0300000e+00   1.1600000e+00
  -7.2771000e+01  -3.6736000e+01   2.9120000e+01   9.2800000e+00   1.3300000e+00   1.0500000e+00
  -7.2639000e+01  -3.8769000e+01   1.1890000e+01   1.0410000e+01   9.8000000e-01   7.3000000e-01
  -7.3211000e+01  -3.6772000e+01   3.4400000e+01   9.8200000e+00   2.1000000e+00   3.0800000e+00
  -7.3388000e+01  -3.9754000e+01   1.6780000e+01   1.1390000e+01   3.2000000e+00   5.0000000e-01
  -7.2668000e+01  -3.9285000e+01   1.0510000e+01   3.9400000e+00   3.9000000e-01   8.5000000e-01
  -7.2377000e+01  -4.0130000e+01   5.3000000e+00   2.1000000e+00   2.0100000e+00   1.3400000e+00
  -7.4027000e+01  -4.1806000e+01   2.0390000e+01   7.6300000e+00   1.3500000e+00   5.4000000e-01
  -7.1294000e+01  -3.8825000e+01   1.3200000e+00  -5.5700000e+00   6.9000000e-01   7.8000000e-01
  -7.3664000e+01  -3.7723000e+01   2.9470000e+01   1.2820000e+01   2.8000000e+00   2.8200000e+00
  -7.2520000e+01  -3.7256000e+01   2.6450000e+01   4.2400000e+00   8.4000000e-01   7.4000000e-01
  -7.3321000e+01  -3.7930000e+01   2.1230000e+01   7.8900000e+00   2.3800000e+00   2.0000000e+00
  -7.3668000e+01  -3.7596000e+01   3.4560000e+01   1.4190000e+01   2.1900000e+00   1.4300000e+00
  -7.2404000e+01  -4.0623000e+01  -7.6900000e+00  -1.4500000e+00   1.9300000e+00   2.0000000e-01
  -7.3721000e+01  -4.0949000e+01   1.9520000e+01   9.4200000e+00   9.4000000e-01   5.6000000e-01
  -7.1709000e+01  -3.8468000e+01   6.3000000e+00  -1.7300000e+00   7.4000000e-01   2.6000000e-01
  -7.1346000e+01  -3.7896000e+01   1.0280000e+01  -5.1200000e+00   1.1400000e+00   8.7000000e-01
  -7.2689000e+01  -3.7607000e+01   2.0670000e+01   5.6200000e+00   2.7500000e+00   1.4000000e+00
  -7.3031000e+01  -3.7824000e+01   1.5510000e+01   8.2900000e+00   2.4400000e+00   3.2100000e+00
  -7.3142000e+01  -4.0590000e+01   1.1020000e+01   4.2600000e+00   1.2300000e+00   1.6000000e+00
  -7.2307000e+01  -3.9679000e+01   6.1400000e+00   3.0300000e+00   1.7700000e+00   2.0000000e-01
  -7.1473000e+01  -3.9584000e+01   2.7300000e+00  -2.9900000e+00   7.5000000e-01   8.8000000e-01
  -7.1074000e+01  -3.8597000e+01   6.7700000e+00  -3.8700000e+00   1.0100000e+00   5.6000000e-01
  -7.3405000e+01  -3.8778000e+01   2.4300000e+01   8.0600000e+00   2.1600000e+00   1.3300000e+00
  -7.2393000e+01  -3.8338000e+01   1.3120000e+01   4.7300000e+00   1.4000000e-01   0.0010000e+00
  -7.3720000e+01  -4.0547000e+01   2.1820000e+01   8.6500000e+00   1.3500000e+00   7.7000000e-01
  -7.1990000e+01  -3.9267000e+01   5.9100000e+00   6.4000000e-01   9.7000000e-01   8.2000000e-01
  -7.3491000e+01  -3.8242000e+01   2.3720000e+01   8.2600000e+00   1.7400000e+00   1.2600000e+00
  -7.2312000e+01  -4.1379000e+01   1.2000000e+00   1.1200000e+00   1.8300000e+00   9.9000000e-01
  -7.1321000e+01  -3.6663000e+01   1.9210000e+01   2.9300000e+00   7.8000000e-01   8.7000000e-01
  -7.3530000e+01  -3.7059000e+01   4.0470000e+01   1.2000000e+01   2.3000000e+00   7.9000000e-01
  -7.2361000e+01  -3.6836000e+01   2.8100000e+01   4.8900000e+00   1.4700000e+00   1.3800000e+00
  -7.3546000e+01  -3.7023000e+01   4.0400000e+01   1.1950000e+01   2.0800000e+00   1.3100000e+00
  -7.2849000e+01  -3.7206000e+01   2.7640000e+01   7.9000000e+00   2.1000000e-01   0.0001000e+00
  -7.3502000e+01  -3.8341000e+01   2.0960000e+01   9.9600000e+00   2.5000000e+00   7.4000000e-01
  -7.1711000e+01  -3.8966000e+01   7.6000000e+00  -2.6100000e+00   1.0800000e+00   8.9000000e-01
  -7.3238000e+01  -3.8531000e+01   1.7940000e+01   9.9300000e+00   5.8000000e-01   1.5000000e-01
  -7.3965900e+01  -4.2678200e+01   7.7600000e+00   7.6400000e+00   2.3000000e-01   6.3000000e-01
  -7.3800000e+01  -4.1410600e+01   1.1450000e+01   9.0400000e+00   2.3000000e-01   4.0000000e-01
  -7.3684500e+01  -4.3148800e+01   1.5200000e+00   6.8600000e+00   3.7000000e-01   6.1000000e-01
  -7.2801800e+01  -3.6138300e+01   3.9010000e+01   1.1760000e+01   5.2000000e-01   8.5000000e-01
  -7.2799500e+01  -4.2855100e+01  -8.6400000e+00   3.4500000e+00   1.8000000e-01   1.9000000e-01
  -7.2674800e+01  -4.1218700e+01  -3.8900000e+00   5.4300000e+00   6.9000000e-01   7.8000000e-01
  -7.2629900e+01  -4.2014900e+01  -4.5500000e+00   3.1500000e+00   4.2000000e-01   1.0900000e+00
  -7.2368200e+01  -4.3870600e+01  -5.5000000e+00   2.2000000e-01   3.3000000e-01   8.2000000e-01
  -7.2302900e+01  -4.1533500e+01  -3.6400000e+00   1.8100000e+00   3.4000000e-01   2.8000000e-01
  -7.2258700e+01  -3.7696900e+01   1.7420000e+01   4.1300000e+00   1.0600000e+00   1.9700000e+00
  -7.1931800e+01  -4.0186100e+01  -2.9800000e+00   2.7000000e-01   3.5000000e-01   7.7000000e-01
  -7.1906000e+01  -3.8786700e+01   1.4700000e+00   8.0000000e-01   3.6000000e-01   5.8000000e-01
  -7.1822800e+01  -3.7710000e+01   1.2380000e+01   1.2500000e+00   3.9000000e-01   3.8000000e-01
  -7.1808700e+01  -4.3620200e+01  -6.5400000e+00   1.1400000e+00   8.0000000e-01   6.4000000e-01
  -7.1675200e+01  -4.4645300e+01  -4.7900000e+00  -4.5000000e-01   4.8000000e-01   7.3000000e-01
  -7.1625500e+01  -3.7335800e+01   1.6400000e+01   1.3000000e+00   2.1000000e+00   2.0000000e+00
  -7.1580200e+01  -4.4932800e+01  -5.3100000e+00  -3.0000000e-02   5.0000000e-01   3.4000000e-01
  -7.1431800e+01  -3.6917600e+01   1.3590000e+01  -5.0900000e+00   6.8000000e-01   1.5900000e+00
  -7.1347200e+01  -3.5786800e+01   2.7650000e+01   5.0400000e+00   4.1000000e-01   2.5000000e-01
  -7.1204800e+01  -4.2013900e+01  -7.9300000e+00   6.3000000e-01   5.1000000e-01   1.0900000e+00
  -7.0023900e+01  -3.8827800e+01   4.7000000e-01  -1.6400000e+00   1.5000000e-01   3.5000000e-01
  -6.9642400e+01  -4.3753100e+01  -4.8800000e+00   2.8000000e-01   9.3000000e-01   9.1000000e-01
  -6.8835500e+01  -3.3147500e+01   8.3000000e+00   1.7400000e+00   6.4000000e-01   1.0100000e+00
  -6.8796100e+01  -3.3061900e+01   5.6000000e+00   6.6000000e-01   1.1400000e+00   2.2000000e+00
  -6.8787100e+01  -3.3095600e+01   6.8100000e+00   2.2900000e+00   8.5000000e-01   1.5100000e+00
  -6.8666200e+01  -3.1608800e+01   1.1230000e+01   1.1500000e+00   2.1000000e-01   1.9000000e-01
  -7.0414200e+01  -2.7297600e+01   2.0940000e+01   6.6300000e+00   1.9000000e-01   2.1000000e-01
  -7.1519800e+01  -3.1753000e+01   2.5240000e+01   7.0400000e+00   7.2000000e-01   9.5000000e-01
  -6.8354600e+01  -3.6154000e+01   5.3300000e+00  -9.7000000e-01   3.6000000e-01   1.3400000e+00
  -7.1345100e+01  -3.4883100e+01   2.8000000e+01   6.8400000e+00   3.8000000e-01   6.9000000e-01
  -7.2046800e+01  -3.4431600e+01   3.1170000e+01   1.1530000e+01   1.3500000e+00   1.3700000e+00
  -6.9542500e+01  -3.5726800e+01   9.3300000e+00  -4.7000000e-01   1.2900000e+00   1.7600000e+00
  -7.1554000e+01  -3.2940900e+01   2.8550000e+01   1.2280000e+01   3.3000000e-01   5.4000000e-01
  -6.8503000e+01  -3.4886400e+01   5.0500000e+00   1.2600000e+00   1.9400000e+00   3.5800000e+00
  -7.1503700e+01  -3.0591000e+01   2.3340000e+01   8.4200000e+00   7.2000000e-01   1.1600000e+00
  -6.8598800e+01  -2.6931900e+01   1.6850000e+01   8.0500000e+00   1.0000000e-01   3.7000000e-01
  -7.0547400e+01  -3.4236700e+01   1.7660000e+01   7.7400000e+00   1.0000000e-01   2.8000000e-01
  -6.5781000e+01  -2.6744400e+01   4.3300000e+00   1.1000000e+00   1.9400000e+00   2.4600000e+00
  -7.0689500e+01  -3.5034300e+01   2.2150000e+01   8.7000000e+00   4.6000000e-01   9.4000000e-01
  -6.7424500e+01  -2.8260200e+01   7.9700000e+00   1.9200000e+00   2.4000000e+00   1.2500000e+00
  -6.8595200e+01  -3.7606500e+01  -1.9000000e+00  -4.0000000e+00   1.9000000e+00   2.0000000e+00
  -7.1413500e+01  -4.1132100e+01  -1.1700000e+01  -3.2000000e+00   2.0000000e+00   2.2000000e+00
  -6.5070500e+01  -3.5119300e+01   2.2000000e+00   3.3000000e+00   1.9000000e+00   2.0000000e+00
  -6.8874100e+01  -3.4472800e+01   3.1000000e+00   3.9000000e+00   1.9000000e+00   1.9000000e+00
  -7.0632100e+01  -4.0249400e+01  -6.7000000e+00  -1.2000000e+00   2.0000000e+00   2.1000000e+00
  -7.1094400e+01  -3.4724200e+01   2.1300000e+01   5.8000000e+00   2.1000000e+00   2.0000000e+00
  -7.0314500e+01  -3.7360800e+01   5.9000000e+00  -6.7000000e+00   1.9000000e+00   2.0000000e+00
  -7.0217600e+01  -4.1036300e+01  -9.5000000e+00   1.0000000e+00   2.0000000e+00   2.2000000e+00
  -6.9810900e+01  -3.5180500e+01   4.1000000e+00   3.7000000e+00   1.9000000e+00   2.0000000e+00
  -6.8887700e+01  -3.9290600e+01  -3.4000000e+00   2.5000000e+00   1.9000000e+00   2.1000000e+00
  -6.7253400e+01  -3.6358800e+01  -2.1000000e+00  -3.0000000e-01   1.9000000e+00   2.0000000e+00
  -7.1900200e+01  -3.6291900e+01   2.1800000e+01  -1.7000000e+00   2.0000000e+00   2.0000000e+00
  -7.1935400e+01  -4.0700700e+01   3.0000000e-01   2.2000000e+00   2.0000000e+00   2.2000000e+00
  -5.9127400e+01  -3.7378600e+01   4.0000000e-01   8.0000000e-01   2.0000000e+00   2.0000000e+00
  -6.1800100e+01  -3.8137500e+01   3.7000000e+00  -6.0000000e-01   1.9000000e+00   2.0000000e+00
  -6.5378300e+01  -4.3264300e+01  -2.3000000e+00   1.7000000e+00   1.8000000e+00   2.3000000e+00
  -6.3723600e+01  -2.9913600e+01  -5.0000000e+00  -2.0000000e+00   1.9000000e+00   1.9000000e+00
