25MA.txt -67.72 -37.77 -7.67 2.99 -0.36 1.18 1.36 3.49 2018.01 2021.00 2.99
3ARO.txt -60.27 -38.38 -2.13 0.31 0.86 0.93 1.30 4.05 2018.01 2021.00 2.99
ABRA.txt -65.70 -22.72 13.03 3.33 0.38 1.06 0.98 3.34 2018.01 2020.08 2.07
AEDA.txt -70.18 -20.55 19.39 5.63 0.07 1.04 0.86 3.01 2018.01 2020.11 2.10
AGGO.txt -58.14 -34.87 -0.79 0.46 4.50 1.05 1.18 4.93 2018.00 2021.00 3.00
ALUM.txt -66.60 -27.32 2.68 -2.15 3.28 1.20 1.08 2.95 2019.19 2021.00 1.81
ANG8.txt -72.69 -37.80 1.30 4.95 9.48 1.10 1.39 3.40 2018.00 2020.04 2.04
ANTC.txt -71.53 -37.34 -9.54 5.03 8.98 1.28 1.51 3.60 2018.01 2021.00 2.98
ATJN.txt -70.14 -19.30 16.41 3.96 2.44 1.00 0.97 2.89 2018.01 2021.00 2.99
AZUL.txt -59.88 -36.77 -0.93 -6.05 1.81 3.00 2.49 6.61 2018.00 2021.00 3.00
B914.txt -73.23 -39.82 15.79 6.25 6.71 1.36 1.24 3.73 2018.01 2019.99 1.98
BCAR.txt -58.30 -37.76 -1.39 0.88 1.66 1.12 1.42 3.64 2018.02 2021.00 2.98
BCH1.txt -71.30 -41.15 -0.17 -0.19 2.01 1.42 1.54 4.23 2018.00 2021.00 3.00
BIN3.txt -70.86 -27.13 25.93 10.23 -5.97 2.09 0.82 2.50 2018.69 2020.91 2.22
BN02.txt -70.41 -23.67 33.64 10.75 -0.19 1.09 0.87 2.93 2018.01 2019.98 1.97
BN03.txt -70.33 -27.37 23.56 10.23 -2.48 1.21 1.14 4.13 2018.01 2019.99 1.98
BN05.txt -71.62 -33.04 22.36 12.12 -7.54 1.24 1.22 3.31 2018.01 2019.99 1.98
BN06.txt -70.74 -34.17 -2.02 3.92 6.79 1.09 1.11 3.46 2018.00 2020.00 2.00
BN07.txt -71.67 -35.43 -9.35 7.52 8.35 1.44 1.04 3.27 2018.02 2020.00 1.98
BN08.txt -73.05 -36.83 17.51 10.84 -5.74 1.18 1.33 3.42 2018.01 2019.86 1.85
BN13.txt -70.65 -33.44 8.90 2.90 3.88 1.12 0.99 2.99 2018.01 2019.99 1.98
BN15.txt -70.32 -18.48 12.11 0.44 2.59 1.20 0.99 3.75 2018.01 2020.00 1.99
BN16.txt -72.09 -36.61 -0.93 4.15 6.15 0.78 1.00 2.92 2018.87 2020.00 1.13
BN17.txt -71.20 -30.60 -2.48 5.58 -2.78 1.10 1.01 3.32 2018.01 2020.00 1.99
BN20.txt -73.77 -42.48 10.21 6.34 5.40 1.41 1.39 3.81 2018.00 2019.92 1.92
BN89.txt -72.59 -38.74 3.68 5.41 16.48 1.55 1.69 6.41 2018.00 2020.00 2.00
BN91.txt -70.15 -20.21 17.99 3.83 1.13 1.14 0.95 3.73 2018.38 2019.99 1.61
CAEP.txt -60.62 -25.96 0.87 0.84 -3.86 1.13 1.18 4.34 2018.00 2019.89 1.89
CAL9.txt -70.54 -33.40 9.10 2.30 5.50 1.18 0.98 3.37 2018.47 2021.00 2.53
CATA.txt -65.77 -28.47 1.17 -3.39 -4.49 2.01 2.72 5.38 2018.00 2021.00 3.00
CBAA.txt -68.45 -22.75 20.61 4.87 -0.49 0.93 1.30 2.63 2018.01 2020.98 2.97
CDLC.txt -69.76 -22.19 31.21 7.03 9.03 0.89 0.91 2.61 2018.03 2020.83 2.80
CGSJ.txt -69.42 -31.37 3.70 6.12 -0.69 1.17 1.07 3.83 2018.00 2019.37 1.37
CGTC.txt -70.07 -20.18 18.34 3.17 1.94 0.94 0.84 2.58 2018.01 2021.00 2.99
CGUA.txt -69.59 -25.16 30.54 6.56 7.68 0.84 0.97 2.70 2018.01 2020.16 2.15
CHAC.txt -58.96 -27.42 0.72 -1.74 9.13 1.27 1.28 4.45 2018.01 2021.00 2.99
CHDA.txt -70.61 -33.99 -1.48 2.06 11.89 1.73 1.31 5.76 2018.01 2021.00 2.99
CHEN.txt -70.52 -33.43 9.37 1.17 1.64 1.45 1.23 5.20 2018.45 2021.00 2.55
CHIM.txt -66.15 -39.16 -4.68 1.47 0.88 0.99 1.23 3.64 2018.00 2021.00 2.99
CHMA.txt -70.28 -37.37 -10.45 4.58 4.26 1.75 1.72 5.18 2018.07 2021.00 2.93
CHOY.txt -60.02 -34.90 -1.50 -0.17 2.63 1.04 1.17 5.12 2018.00 2021.00 3.00
CHYT.txt -70.34 -18.37 13.96 1.76 0.67 1.24 1.01 3.77 2018.01 2021.00 2.99
CIFU.txt -70.65 -25.65 34.96 10.58 4.56 1.40 0.95 3.39 2018.01 2020.92 2.90
CJNT.txt -67.76 -23.03 16.27 4.91 -0.11 1.14 1.02 2.74 2018.36 2020.78 2.42
CLL1.txt -72.08 -36.59 -1.85 3.87 7.77 1.04 1.04 2.79 2018.00 2021.00 3.00
CLLA.txt -69.36 -20.95 21.24 5.23 3.43 0.97 0.80 2.76 2018.02 2020.99 2.98
CMBA.txt -71.00 -31.19 4.32 7.56 -7.37 1.78 0.98 3.04 2018.61 2020.41 1.80
CNBA.txt -71.46 -31.40 16.64 9.81 -1.73 1.18 1.06 3.36 2019.16 2021.00 1.84
CONS.txt -72.41 -35.33 14.76 14.13 -2.57 0.99 1.19 4.34 2018.02 2021.00 2.98
CORD.txt -64.47 -31.53 -0.09 -0.30 0.90 1.31 1.21 4.57 2018.00 2021.00 3.00
CRIS.txt -70.39 -24.17 32.90 9.71 1.72 1.08 0.82 2.21 2018.00 2020.99 2.99
CRRH.txt -71.47 -39.58 -0.65 1.71 5.02 2.03 2.11 5.09 2018.02 2021.00 2.98
CRSC.txt -70.08 -20.92 25.42 5.68 5.48 1.00 0.81 2.74 2019.28 2021.00 1.72
CRZL.txt -71.41 -29.10 19.37 11.77 -3.42 0.97 1.01 2.87 2018.49 2020.42 1.93
CSJ1.txt -68.43 -31.98 1.40 1.88 -0.87 1.09 1.14 3.67 2018.01 2021.00 2.99
CSLO.txt -69.30 -31.79 5.17 4.99 3.37 1.09 0.98 3.43 2018.01 2021.00 2.99
CSPS.txt -69.64 -31.21 9.28 2.79 4.22 1.70 1.28 4.91 2018.00 2019.38 1.38
CTPC.txt -71.30 -32.56 16.39 7.14 -3.01 1.40 1.58 4.42 2018.01 2021.00 2.99
CURR.txt -72.00 -40.23 4.65 2.58 5.15 1.53 1.34 3.93 2018.00 2021.00 3.00
DGF1.txt -70.66 -33.46 9.90 1.84 12.18 2.50 2.21 7.66 2018.00 2021.00 2.99
DINO.txt -67.84 -30.16 1.61 0.53 5.40 1.06 1.09 4.78 2018.00 2021.00 3.00
ELOA.txt -70.06 -21.43 29.33 6.69 4.70 0.92 0.99 3.22 2018.61 2020.99 2.39
EMAT.txt -71.66 -31.15 23.51 8.73 -13.84 1.03 0.96 3.33 2018.87 2021.00 2.13
EPGZ.txt -61.23 -32.03 -1.18 0.13 3.96 1.03 1.01 4.10 2018.26 2021.00 2.74
EPSF.txt -60.67 -31.64 -1.08 1.20 3.11 1.18 1.21 4.82 2018.05 2021.00 2.95
ESQU.txt -71.32 -42.92 -3.28 -0.76 0.56 1.99 1.59 5.75 2018.00 2021.00 3.00
ETSJ.txt -68.82 -32.88 2.12 2.22 3.51 1.14 1.03 3.99 2018.20 2020.91 2.71
FBAQ.txt -69.76 -20.13 17.12 3.70 1.29 1.01 1.06 3.03 2018.47 2020.99 2.52
FEDE.txt -58.78 -30.95 0.06 0.44 2.52 1.08 1.23 4.86 2018.01 2021.00 2.99
FMCO.txt -70.69 -26.58 30.67 10.07 -0.86 1.19 0.95 2.35 2018.01 2020.99 2.98
FOSA.txt -58.17 -26.19 0.10 1.00 4.86 1.15 1.27 4.65 2018.00 2021.00 3.00
FUTF.txt -71.85 -43.19 -2.30 -0.20 -0.11 1.91 2.15 4.86 2018.01 2021.00 2.99
GGUA.txt -59.31 -33.15 0.26 -0.11 2.58 1.08 1.26 4.96 2018.02 2021.00 2.98
GRCA.txt -67.58 -39.03 -5.14 2.56 0.08 0.91 1.21 3.59 2018.00 2021.00 2.99
GTA1.txt -70.18 -20.57 23.09 5.82 2.48 0.96 0.76 2.70 2018.01 2020.99 2.98
GUAY.txt -59.03 -31.87 0.16 -0.09 1.99 1.01 1.12 4.67 2018.00 2020.99 2.99
HLN2.txt -71.93 -35.01 3.62 11.54 11.07 0.98 1.23 3.16 2018.00 2021.00 3.00
HLPN.txt -73.19 -36.75 24.01 11.87 -7.93 1.13 1.24 5.02 2018.01 2021.00 2.99
HMBS.txt -69.89 -20.28 17.82 4.40 1.00 1.11 0.99 3.43 2018.02 2020.29 2.26
HSCO.txt -71.23 -28.46 28.85 11.23 -2.95 1.03 1.16 2.94 2018.01 2021.00 2.99
IAC1.txt -70.33 -18.48 14.52 0.46 2.19 1.86 1.72 3.57 2018.00 2020.99 2.99
IGM1.txt -58.44 -34.57 -1.12 -0.34 2.25 1.26 1.51 4.77 2018.00 2021.00 3.00
ILOC.txt -72.18 -34.95 12.88 15.28 2.33 1.04 1.18 3.44 2018.22 2020.99 2.78
IMCH.txt -73.89 -38.41 25.88 2.67 -9.21 1.68 1.58 4.95 2018.01 2021.00 2.99
IQQE.txt -70.13 -20.27 19.00 3.72 0.88 1.09 0.92 3.50 2018.01 2020.99 2.98
JBAL.txt -65.62 -27.58 4.45 0.52 3.68 1.74 1.43 4.40 2018.00 2021.00 2.99
JCHL.txt -68.75 -30.24 3.96 5.31 0.46 1.31 1.14 3.69 2018.00 2020.99 2.99
JRGN.txt -70.57 -23.29 34.09 11.00 1.47 1.10 1.15 3.23 2018.01 2020.98 2.97
JUNT.txt -70.09 -29.98 1.25 3.61 2.13 1.41 1.46 5.80 2018.00 2021.00 2.99
JVCH.txt -64.68 -27.00 3.68 -0.03 30.60 1.09 1.02 12.98 2018.62 2021.00 2.38
JVGO.txt -64.12 -25.12 2.72 1.00 0.88 1.35 1.08 4.74 2018.00 2021.00 3.00
LARJ.txt -66.85 -29.41 2.65 0.10 0.25 1.14 1.06 3.78 2018.00 2021.00 3.00
LCOR.txt -58.83 -27.47 0.40 -0.42 2.64 1.65 2.00 5.84 2018.04 2020.95 2.91
LHCL.txt -65.60 -38.00 -4.29 0.87 2.40 1.00 1.10 3.89 2018.16 2020.96 2.79
LHOR.txt -71.30 -29.58 6.56 6.40 0.56 0.90 0.84 2.67 2018.00 2021.00 2.99
LLCH.txt -71.08 -28.19 28.26 10.99 1.30 1.13 1.35 3.00 2018.10 2021.00 2.90
LLEO.txt -69.29 -31.80 5.00 5.83 2.51 1.51 1.65 5.67 2018.02 2020.97 2.94
LME2.txt -70.20 -33.85 0.56 -2.05 4.67 1.60 1.53 5.26 2019.85 2021.00 1.15
LNCM.txt -73.63 -42.22 11.00 4.76 6.58 1.04 1.11 3.51 2018.01 2021.00 2.99
LNQM.txt -71.36 -38.46 -5.24 3.99 6.81 2.08 1.51 4.49 2018.01 2021.00 2.99
LPTS.txt -65.75 -19.58 11.21 3.98 0.50 1.85 1.68 5.52 2018.02 2019.93 1.91
LSCH.txt -71.25 -29.91 -1.27 4.89 1.98 1.13 0.90 3.06 2018.00 2020.76 2.76
LSTF.txt -60.63 -32.96 -2.35 -1.57 7.19 1.59 1.71 6.02 2018.02 2020.97 2.96
LTAC.txt -70.28 -18.05 12.93 3.38 -2.57 1.52 1.50 5.75 2018.02 2019.80 1.78
LVI1.txt -71.51 -31.91 8.47 5.18 -1.92 1.15 1.31 3.87 2018.00 2020.47 2.47
LVLG.txt -63.01 -35.03 -2.17 0.79 11.68 1.58 1.68 4.86 2018.02 2020.03 2.01
LVRA.txt -66.31 -22.52 13.94 4.29 -0.09 0.98 0.91 2.78 2018.01 2019.38 1.37
MAUL.txt -70.82 -35.81 -17.91 14.63 12.35 1.60 1.56 3.63 2018.31 2020.72 2.41
MCL1.txt -70.25 -22.75 31.20 9.52 7.43 0.85 0.80 2.78 2018.01 2019.60 1.59
MECO.txt -58.08 -29.18 0.18 1.13 12.77 1.44 1.28 6.19 2019.93 2021.00 1.07
MGUE.txt -69.40 -35.78 -10.89 3.08 1.32 1.31 1.31 3.70 2018.01 2021.00 2.99
MRCG.txt -69.13 -26.84 22.83 4.09 0.91 2.34 1.36 3.33 2018.01 2020.99 2.98
MUER.txt -73.47 -41.41 13.31 3.82 7.44 1.02 1.27 2.88 2018.02 2021.00 2.98
MZAC.txt -68.88 -32.90 2.96 2.71 3.04 1.06 1.11 3.93 2018.01 2021.00 2.99
MZAE.txt -68.15 -33.26 0.14 1.65 0.63 0.98 1.06 3.76 2018.00 2019.31 1.31
MZAL.txt -68.59 -32.72 1.09 2.43 0.90 1.18 1.27 3.79 2018.30 2021.00 2.70
MZAU.txt -69.12 -33.74 -1.45 -0.21 -2.00 1.02 1.06 4.43 2018.00 2020.71 2.70
MZGA.txt -67.70 -34.98 -4.72 0.87 -2.24 1.07 1.39 4.06 2018.00 2021.00 3.00
MZRF.txt -68.33 -34.61 -3.00 4.47 2.67 1.62 1.69 5.49 2018.00 2019.73 1.73
NAVI.txt -71.83 -33.95 8.15 14.31 -10.28 0.94 1.70 3.86 2018.01 2021.00 2.99
NEQN.txt -68.06 -38.95 -3.98 2.95 -0.10 1.03 1.24 3.65 2018.86 2021.00 2.14
NESA.txt -64.45 -40.10 -3.54 0.64 0.96 0.91 1.18 3.68 2018.00 2021.00 3.00
NOY1.txt -59.80 -32.38 1.35 0.77 2.95 1.64 1.24 4.52 2018.00 2021.00 3.00
NUGA.txt -65.26 -35.11 -3.21 0.26 1.77 1.03 1.07 4.10 2018.00 2021.00 3.00
OAFA.txt -68.62 -31.51 2.91 2.92 3.62 1.10 1.11 3.96 2018.12 2021.00 2.88
OJOA.txt -63.69 -29.50 0.94 -0.37 1.26 1.09 1.12 4.04 2018.00 2021.00 3.00
ORA3.txt -64.33 -23.14 6.74 0.63 2.83 1.18 1.17 4.62 2018.00 2021.00 3.00
OSOR.txt -73.10 -40.60 12.15 5.38 9.30 2.64 1.38 5.00 2018.01 2021.00 2.99
OVLL.txt -71.20 -30.60 0.86 7.45 -1.77 1.10 1.00 3.23 2019.73 2021.00 1.27
PAJA.txt -72.13 -40.66 3.04 0.45 0.16 1.19 1.46 4.26 2018.00 2020.05 2.05
PAPO.txt -70.50 -25.11 32.51 8.12 -0.78 0.91 0.87 2.99 2019.68 2021.00 1.31
PATA.txt -62.99 -40.80 -2.46 0.68 1.67 1.12 1.20 3.99 2018.00 2021.00 3.00
PATH.txt -70.15 -20.82 24.93 6.75 3.07 1.01 0.95 2.77 2018.01 2020.43 2.42
PAZU.txt -70.60 -26.15 31.93 9.86 -0.61 1.06 1.02 3.10 2018.03 2020.99 2.96
PCCL.txt -70.11 -18.46 11.87 2.01 2.39 1.16 0.97 3.79 2018.01 2021.00 2.99
PCMU.txt -71.96 -34.50 12.00 22.95 -3.32 1.21 1.39 3.55 2018.01 2021.00 2.99
PEBA.txt -60.56 -33.95 -0.68 1.11 -0.62 0.95 1.11 3.96 2018.00 2021.00 3.00
PECL.txt -73.65 -37.69 21.10 9.58 -19.95 1.05 0.95 3.12 2018.00 2021.00 3.00
PEDR.txt -70.69 -30.84 3.10 7.47 1.44 1.27 1.19 3.76 2018.01 2020.99 2.98
PEJ1.txt -61.90 -35.81 -2.53 1.41 3.85 1.62 1.45 5.43 2018.01 2021.00 2.99
PELU.txt -62.68 -39.50 -3.16 -0.05 2.81 1.03 1.14 4.96 2019.03 2021.00 1.97
PFRJ.txt -71.64 -30.68 6.52 2.40 2.06 1.36 1.83 4.04 2018.00 2021.00 3.00
PGLL.txt -72.34 -39.63 5.84 4.46 7.65 1.35 1.32 3.85 2018.01 2021.00 2.99
PICC.txt -69.33 -20.49 15.64 6.40 0.74 0.94 0.88 2.71 2018.01 2020.16 2.15
PLVP.txt -73.58 -37.15 40.05 10.95 -17.27 1.24 1.20 3.83 2018.21 2020.95 2.74
PMEJ.txt -70.45 -23.10 32.22 10.90 -1.15 1.24 1.05 3.60 2018.37 2020.99 2.62
PMO1.txt -72.94 -41.47 5.76 -1.64 6.33 0.87 1.17 3.01 2020.00 2021.00 1.00
POR2.txt -70.13 -32.84 9.53 4.45 5.90 1.29 1.19 3.73 2018.00 2021.00 3.00
PRNA.txt -60.47 -31.78 -1.02 0.48 -4.83 1.39 1.29 6.22 2018.00 2021.00 3.00
PSGA.txt -70.12 -19.60 20.48 3.72 3.92 0.95 0.77 2.93 2019.69 2020.99 1.30
PTR2.txt -72.40 -41.14 6.69 -2.78 -4.53 2.81 3.33 12.59 2018.01 2021.00 2.99
PTRE.txt -69.57 -18.19 7.52 2.52 4.67 0.83 0.87 2.78 2018.01 2020.05 2.04
PVCA.txt -71.62 -30.27 -9.31 6.36 8.25 2.17 1.52 3.77 2018.01 2020.99 2.98
QLAP.txt -72.12 -36.08 0.96 5.35 8.86 1.37 1.85 4.55 2018.01 2021.00 2.99
QLLN.txt -73.66 -43.11 9.49 4.51 5.31 1.62 2.32 6.60 2018.00 2021.00 3.00
QSCO.txt -71.70 -33.39 18.12 10.48 -4.76 1.13 0.95 2.90 2018.37 2021.00 2.63
QTAY.txt -71.70 -33.19 21.55 11.31 -6.91 1.01 0.97 2.95 2018.01 2021.00 2.99
RASF.txt -61.47 -31.25 -1.73 0.31 -1.60 0.98 0.99 4.48 2018.60 2020.13 1.53
RCSD.txt -71.61 -33.65 12.02 12.93 -3.23 0.84 1.02 3.02 2018.01 2021.00 2.99
RDCM.txt -69.08 -30.95 3.27 4.70 0.73 1.48 0.96 3.50 2018.01 2019.37 1.36
RECO.txt -59.66 -29.15 -0.28 -0.02 3.51 1.09 1.32 5.17 2018.00 2021.00 3.00
RIO4.txt -64.35 -33.12 5.13 -2.08 0.81 2.05 1.18 4.10 2018.00 2021.00 3.00
RMBA.txt -72.95 -43.77 -2.66 3.58 1.18 1.15 1.82 5.29 2018.15 2021.00 2.85
ROB1.txt -71.02 -32.98 16.95 7.70 4.69 1.06 1.25 2.80 2018.01 2020.99 2.98
RODE.txt -69.13 -30.21 3.95 3.31 2.22 1.29 1.37 4.10 2018.01 2021.00 2.99
SAAV.txt -73.38 -38.79 20.44 9.93 -7.89 1.12 0.97 2.99 2018.01 2020.61 2.60
SAIS.txt -66.94 -36.23 -2.99 3.57 0.82 0.83 0.93 3.29 2019.68 2020.54 0.86
SAJA.txt -59.93 -30.57 0.08 -0.32 3.48 1.09 1.16 4.86 2018.20 2021.00 2.80
SAL1.txt -70.29 -33.74 1.86 -2.29 8.57 1.36 1.43 4.44 2019.01 2021.00 1.99
SANT.txt -70.67 -33.15 13.39 4.25 5.62 1.17 1.01 3.25 2018.02 2020.99 2.97
SBAL.txt -61.23 -30.31 -0.31 0.14 1.56 1.12 1.18 4.52 2018.00 2021.00 3.00
SBLL.txt -70.78 -34.79 -16.17 4.77 13.40 1.69 1.38 5.04 2018.02 2021.00 2.98
SCTC.txt -66.05 -21.95 11.92 3.85 0.31 1.17 0.95 3.14 2018.00 2019.38 1.38
SILL.txt -70.74 -29.25 11.25 3.53 4.20 0.86 1.02 2.64 2018.01 2020.66 2.64
SJAV.txt -71.73 -35.59 -7.31 7.11 11.97 1.62 1.21 4.16 2018.00 2021.00 3.00
SL01.txt -66.31 -33.16 -1.66 -0.32 0.81 1.18 1.26 4.07 2018.00 2021.00 3.00
SLM1.txt -70.97 -32.04 10.38 8.48 2.30 1.07 1.20 2.19 2018.88 2021.00 2.12
SMA3.txt -70.54 -33.27 11.59 3.59 5.56 1.09 1.09 3.22 2018.47 2021.00 2.53
SMAN.txt -71.23 -40.13 -1.19 1.28 0.58 1.78 1.57 4.95 2018.00 2021.00 3.00
SPAT.txt -68.18 -22.95 19.60 4.86 0.14 1.30 1.26 4.19 2018.37 2021.00 2.63
SRGD.txt -69.35 -22.87 27.47 8.21 1.17 0.90 0.79 2.32 2018.05 2020.99 2.95
SRLP.txt -64.28 -36.62 -3.17 0.96 -0.20 1.36 1.23 3.96 2018.00 2021.00 3.00
SUAR.txt -61.93 -37.46 -2.27 0.46 2.33 1.05 1.27 4.09 2018.00 2021.00 3.00
SURI.txt -69.14 -18.85 8.95 2.63 1.11 1.09 0.99 3.07 2018.39 2021.00 2.61
TAM3.txt -70.23 -27.59 18.28 8.37 4.35 1.21 0.85 3.51 2018.00 2020.89 2.89
TAVA.txt -65.71 -26.85 5.40 -0.27 1.60 1.83 1.39 4.93 2018.00 2021.00 3.00
TIL2.txt -65.39 -23.58 9.14 0.60 4.35 1.90 1.44 5.06 2018.01 2021.00 2.99
TLGT.txt -70.99 -33.78 4.93 4.84 8.13 1.24 1.00 2.62 2018.62 2021.00 2.38
TMCO.txt -72.61 -38.76 5.61 6.77 9.52 1.51 2.31 3.63 2018.01 2020.44 2.43
TOCA.txt -69.44 -30.66 2.22 4.99 -0.34 1.27 1.12 4.36 2018.00 2019.37 1.37
TPYU.txt -72.65 -44.42 3.67 2.69 20.84 2.23 2.73 9.17 2018.00 2021.00 2.99
TRPD.txt -71.65 -33.02 23.03 11.43 -4.03 1.17 1.07 3.02 2018.01 2021.00 2.99
TRST.txt -70.27 -28.84 12.69 5.51 2.74 1.45 1.18 4.36 2018.02 2021.00 2.98
TTAL.txt -70.43 -25.42 33.04 10.24 -1.53 0.86 0.95 2.77 2018.00 2019.55 1.55
TUC3.txt -65.20 -26.83 4.09 -2.17 -3.83 1.32 1.12 4.25 2018.01 2021.00 2.99
TUCU.txt -65.23 -26.84 3.26 -1.15 -2.33 1.63 1.37 4.87 2018.00 2021.00 3.00
UAIB.txt -70.51 -33.49 7.71 1.63 6.66 1.32 0.91 3.75 2018.02 2021.00 2.98
UAPE.txt -70.14 -20.24 19.24 3.12 -0.18 1.07 0.94 3.40 2018.01 2020.82 2.81
UCOR.txt -64.19 -31.43 -1.36 -1.14 2.19 1.49 1.51 4.10 2018.00 2021.00 3.00
UDAT.txt -70.35 -27.36 21.47 8.53 0.69 3.82 2.09 3.64 2018.03 2021.00 2.97
UDEC.txt -72.34 -37.47 -1.20 4.16 6.96 1.41 1.26 4.39 2018.00 2021.00 3.00
UNRO.txt -60.63 -32.96 -1.31 -0.71 4.38 1.35 1.35 5.36 2018.00 2020.99 2.99
UNSA.txt -65.41 -24.73 6.52 0.37 -0.90 1.61 1.25 4.60 2018.02 2021.00 2.98
UNSJ.txt -68.58 -31.54 2.81 2.59 2.51 1.24 1.22 3.51 2018.06 2021.00 2.94
UTAR.txt -70.30 -18.49 13.17 2.11 1.31 1.09 0.91 3.48 2018.39 2021.00 2.61
UYPA.txt -58.07 -32.29 -0.60 -0.27 2.71 1.01 1.16 4.87 2018.00 2021.00 3.00
VALN.txt -71.64 -33.03 23.22 11.85 -3.47 1.30 1.35 3.60 2018.01 2021.00 2.99
VBCA.txt -62.27 -38.70 -2.65 0.61 0.66 1.01 1.31 4.30 2018.00 2021.00 3.00
VIMA.txt -63.24 -32.42 -1.64 -0.19 1.19 1.06 1.09 4.32 2018.00 2021.00 3.00
VITA.txt -72.86 -36.42 17.20 12.68 -5.26 0.90 1.06 3.20 2018.00 2021.00 3.00
VLZL.txt -69.96 -23.12 27.76 9.52 14.92 0.91 0.70 2.57 2018.01 2019.78 1.77
VNEV.txt -70.25 -33.35 7.90 -0.58 8.57 1.28 1.72 3.30 2018.02 2021.00 2.98
VZCH.txt -70.51 -33.60 10.74 4.46 3.32 2.54 1.81 3.98 2018.55 2020.99 2.44
YCBA.txt -63.68 -22.02 2.83 1.19 -2.00 0.97 1.04 3.69 2018.01 2021.00 2.99
YEMA.txt -61.24 -24.28 -0.56 -0.77 2.76 1.99 1.41 4.38 2018.00 2021.00 3.00
ZAPA.txt -71.47 -32.55 20.47 11.93 -17.53 2.24 2.45 9.07 2018.00 2021.00 3.00
ZPLA.txt -70.07 -38.91 -5.84 3.09 2.33 1.31 1.28 3.42 2018.02 2021.00 2.98
